C_0d: 0.48

B_f: 7.666260735160996
C_Sf: 7.666260735160996
C_f: 0.47802569198942974
D_f: 1.9999999977947645
E_f: 1.0999999999999999
B_r: 19.999999999999996
C_Sr: 19.999999999999996
C_r: 1.4999999999999998
D_r: 0.6456351768911948
E_r: 1.2966060594645846e-15

C_R: 3.693303119695026
I_z: 0.0627
h_cg: 0.02
l_f: 0.174
l_r: 0.151
mu: 0.5
tire_model: pacejka