mu: 1
C_Sf: 13.70776089172916 
C_Sr: 14.917278165744078 
h: 0.014 
m: 3.47
I: 0.05797